Frontinus iiber die

0100000 000100 00010 000100, 100 010000 0010000 000100 00010 01000 00010111
00010. Der 0101010000 0000010110310001000 1001010000 000ος1 0001-
000, 0011 100 1001 100 111000οτ0 von 1000 01010000 0000000000
0101. 01010011010000 einiger waren 0001010011010100 0000100011
801010011010000 1001000000 00001001000, 0001 werden 000010 100 11100-
000000 1101101000 0000011001 0100 00000001.

114, 1000001000 101 1010001001101000 100 1110000000 00001000110100
geht 0100 1100000 001 01000 0000011001100011000, 00 legen 010100
80101000 0100 00000 boch 00; 100 0110100000 0101001010οη 0001010-
10000 100000 00010101101000 wasser. 110000 1000001000 0100 00000,
0100100 1010, 100 curator 100001 1001001010000, 00010 110000 010000-
0011οιος 010000 100 00100100101001010100000· 1101100010003 100 11100ιο00
0011001, 00001000 00010 11011010011000100 8010100000, 00101000, 00000
00000 00 1000110,0 0001 01000 1100001ιο 100011001001, 00100110011001010

115. 010010 jener 11000010 100 1110000000 101 010000101000, 100 0000
8110100 00000001. 1101110100 000110 01100 1110101000οη 100100 1101101000
durch 110 ganzo 81011001001000 810100100100 1001. Wio 1010 00-
101000, 10010000 11000, von dem sogenannten 81001000 1010 0010010100
0ιο00101001, 011001100110000000, an 10000 010 00010010οὴ00, 10 beson-
1000 1101ιο000 1100000 0011010010 001000 00 kam, 1000 010 00010300
1100000000οε0 00000 11001110100110100000100 00100010. wie 0101 Wan-
000 10 10100 100 300011100ος 110000 11010010 001010000000000 000,
00000000 1010 000 1000 1100ιο10010, 1000 100010 1101011010ος 000
1000Ιο101000 Rijhr-Vcrzwelgungen 0100 1010010010 11100ςο 11101
00000000003010000101 worden 101. ⁸

116, 110 10100010 0110010 110 1101011003 100 Leitungen3 100000· 101
judoch 10011000 00 00100 00010000, 00000 010 1100000 01000110 100·
100110 augescente 1110000001011000010001000000101 0001000. 1110000-
0010011000 gibt 00 00001, 0100 110 10081001, 110 001000 1010100
Caesar. Die 810010-1110000001011 101 110 0110000 0010100, 010 010
00000100110010000, vom Agrippa dem 0100001001010100100000 001 000
1100000 10000 810010 1100001000 worden ist: 010 001011 0000010100 211)
11100000. 1110101011οο 11100000010011 1001100000 10010011 01010 00111111,
00001 (110011001001 010 0001010101, 010 00 0110 (10000000 100 110 81011

1111011010. 3011011100000010011000 01000 0000100 100 01001ςο Κ100000 000

 

