2⁶2 Frontinus 11111111

111111 11111111, 11111111 111111 111111 1111111111, 11111111 111111-
song 111111 1111 1111111, welches 1111 111 111 angsvermogon
111 11111111, 1111 311111, 111111111111111, 111111 111 1100111111
1111111111111 werden.

18, 011111111111111 111 11111111111111 11111111 von 100 111-
1111 1111111111111. 1111111 1111111111111111011111111 11 1111111
1111111111 Adon, 111 11 111111111111111131111111. 1111 111

¹ 1111111111 1111 1111 1111111111 1111111111 zu merkem 111
1111111 11111111 1111111111 111 1111111 100 11111111 1111 gleioh 111-
111111 1111111111 923 1111111111 111 111 1111111 Anio 1111111
111111111111111111111111111111 loo. 1111111 11111111111111 Gnoson
1451111111 mehr, als 11 11101111111111111, 111115, 1111111 111-
111 Veraosgobuog sich zeigeo.

69, 1111111111 111 11 111 01111111111111 111 11111111104911111111
11111111111111. An 111 11111111 111111 111 ο11111111 1111111111-
1111111111111, 11111 111111 1111111111 11111111111111ς 111 1111
01111 Μ111111111111 111 1118111111111111 111 gono in 11111111
1111111111, wo ihr 1111111 nach 111 11111 1111111111111 11111111-
111112001111111111111111111,11111111111)11111111111111,1111511.
1111111111 1111111111 111 1111111 11181111 111111111 111111111-
11111111 (111111 111 111 claudia 1011111111. 011111111111111
11111111 111 111111 111 111 1111111111 111 1368. 1111111 gibt 111 100
lo 111 Topolo3 vorausgabt 111 111111 Roohnung 803. omns 11.
geben sich im Gonoon 003 11111111, 111 11111111111111 111111,111
1111111101111111111111 111, 11313; 11111111, 111111 111 1111
111111, 111 111111111111,111, 112133 geraoe 111111, 1111111
111 11111 11111111 111111, welche sich 1111111111 11111111111111111·
11111111 1111111111(

70. Dor Virgo ist 11 111011111111111111111111111 von 1111111111,
11111111 1111111111111111111111. 1111 11111111 11111111 111111
11111111111111111111111111, weil 111 11111111111111111111
1111111111 11 111111 11 ihr (11111111 11111111 11111111 11181111
jedooh 11 2111 Μ11111111111 hoho 111 111 111 11111, 11111111
11111 111 cejonius 01111111111111111, wo 111 111111 1111111111
Laus 1111, 111 1111111111 1111111111, 1111112101 1111111 11111111

 

