Wasserleitungen. · 269

111111 81111111 11111111111111111111 Nerva, 11111 1111111188,
1111111111 'fag 11 'fag 111 11111ςί1 111 Β111111111111 111 Wolt3
111 111111111 1111 11111111 111 (1111111111 111111111111111111
stadt, nach Vermehrung der 1111 111 8111111111, 1111111111111-
111, 1111111 111 1111111. 111111 geringerer 111111111111 1111111 11
Folge der Vermehrung 111111 Bewilligungen 111 11111111 zu:
diejenigen 1111, welche 111111111111111111111 1111111 1111111111,
genicssen jetzt 1111 11111111111111111111111111111111111. 111111
111111 111 1111111111111111111111111111111111 1111111111 111111

- 11 11111 aus mit 111111111111111 111 8111111111 111 11111111 111111;
1111 111 1111111111 111 111111111111111111111111111,,1111111 111
1111111111 111 1111111111 11111 1111111111 war, 1111 1111111111.

Es 1111111111 11111, dass 111 111111 8111111 111 1111111111
111 neuen Verausgabung schuldig bin: 111111 da 111 das 111111
(11111131 11111 an 111 1111111111111111111111111111, so 1111
111 1111111111, 1111 das 11111 vorgetragen 111111 111111, 11111
es vollsuindig erledigt 111.

Wie nun, 111111111111111111111 111 111111 111 11111111, 89·
111 1111 11111111 (11111 11111111111111111111111111, 11111111,’
111 11111111, 11 habe 11 11111111 11111111111111111 111 Ver-
5ηῆ1111 1111111111, 11111 11 111 111111111111111111111111111,
111111 1111111111, 11111 1111111111111 1111111111111 1111111
Es 111 111 111111 111111 111 1111111111 111111181111, 1111111 111-
11111, 11111 11 111 11111111111511(111111111111111111111111,
111 1111111111 1111111111 11111111. 1111111111 1111111111 11-
1111181111, 111111 1111111111 auch nur 11111111111111111111111,
11111 11111111 111 11111111 Wasser gehabt2 Und 111111111111111
1111111111 11111 1111111111 von 11111 Ursprunge 1111111111,
1111 weil dieser 1111111111 111 allen denjenigen 11111111 11111

, 1111111, welche 111 (11111111 1111111 111111 1111111111111111111-
111111 111 Claudia, und 111 11111111, 11111 1111111111, von der 111-
suug 11 1111111111, gar 11111 1111 1111 111 11111111 11111
111111111111 1111111 1111, 11 11111 11111111 111111 111 111-
3111111111. ¹

111111111 (11111111 1111111111 Anio 1111111 111111 11111 90.

 

