'Wasserleitungem 217

Vom Neucn Anio wurden ausserhalb 11181111 111111111180,

111 0111111 1111111111 104, 11111111111111 4011111111. 1111 1111-
1111120211, 1111111 wardon 111111111 11181111111111111 11111 111
111, 311, 411, 511, 611, 111, 811, 911, 1211111 1411 811111111111
111 3581111111111111 diesen 1110111111 1111111111 60, zum Pri-
vatgebrauch 490, 111111111111111111111111 552 11111111 wovon
11 1 1111115111 191111111111111 195, 11 5 1111111188, 11 94
1111111218 11011111.

Von 1111111111 1111111 1111111111 111 81111 1111111111111 81.
(11111111111111111 269,111Ρ1111111111 5681111111. 1111 &brigen
Ι 1098 11111111 1111111 1111111111 11181111111111111 11111 111 111,
311, 411, 511, 611, 111, 811,,911,1011 1111411811111111111 1151
8111011112 111 1111111110111111 1111111111 116, 11111111111111 ”
543, 1111 6111111111 (11111111 439, 111 4 11111141, 11 15 Was-
11111111111, 11 1211111111 104, 11 113 13111111 253 2111111.

Von 1111111111111111 1111111111 11181111 1111111111111 82.
011111111111111, 1111111111 56 3111111. 1111 11111111 331-
1111111 11111111 1111111111 11181111 11111111111111 111411, 111,
311111111811111111111 11 14 8111111111 111 1111111111 Caesam
Rechnung 34, 111 11111111111 211, zum 1111111111 (1111111150
’ 1111111 111111 11 1111111 12, 111 31111111111111 1, 111 13 311111
31 1101111. “

Von der 11111 11111111 1111111111 111 81111111 0111111 111111- 83.
1113 85, 111 Ρ1111111111 121 1011111. 1111 11111111 591 1111111
111111111111111111181111111111111 11111 111 211, 311, 511, 611,
811, 10111111211811111111111 11118111111111 111 diesen 111
Δ(1111111 1111111113· 18,161111111111111 106, zum 11111111111111-
1111111 ,383 1111111 11111111311111169, 111 101111111111111
182, 11 3111111111 61, 111 2811111111 65 1111111.

1111 Virgo 11111111 1111111111 111 81111 200 1101111. Die 84.
1111113111 2301 3111111 1111111 111111111 1118111111111111111111
111111, 111 1111 1411811111111111 11 18 8111111111 1111111111
111 0111111 11111111111 543, 111 11111111111338, 1111 6111111111111
(11111111 1411 1111111 111111 111 21111111 26, 111 25 flecken

 

